1650732617085 0.5079485238455715 0
1650732650433 0.4761544284632854 1
1650732682687 0.4466313398940197 2
1650732716046 0.4057532172596518 3
1650732749515 0.40045420136260407 4
1650732783303 0.4065102195306586 5
1650732816095 0.4299772899318698 6
1650732848723 0.4284632853898562 7
1650732881828 0.4239212717638153 8
1650732914598 0.4261922785768357 9
1650732947266 0.41786525359576077 10
1650732982944 0.44965934897804694 11
1650733015574 0.5291445874337622 12
1650733048697 0.5851627554882665 13
1650733081694 0.5813777441332324 14
1650733114958 0.6654049962149886 15
1650733148252 0.6631339894019682 16
1650733181200 0.6760030280090841 17
1650733213830 0.6843300529901589 18
1650733247805 0.6805450416351249 19
1650733280163 0.6752460257380772 20
1650733313255 0.6850870552611658 21
1650733345595 0.6775170325510976 22
1650733378937 0.691900075700227 23
1650733411783 0.6790310370931113 24
1650733445755 0.6949280847842544 25
1650733478547 0.6858440575321726 26
1650733511821 0.688115064345193 27
1650733545341 0.688115064345193 28
1650733578552 0.6866010598031794 29
1650733611507 0.6797880393641181 30
1650733646662 0.6896290688872067 31
1650733703211 0.6911430734292203 32
1650733762960 0.6828160484481454 33
1650733806147 0.6744890234670704 34
1650733838471 0.6896290688872067 35
1650733870673 0.6820590461771385 36
1650733903298 0.6934140802422407 37
1650733938957 0.6843300529901589 38
1650733975042 0.6971990915972748 39
1650734011353 0.6926570779712339 40
1650734048398 0.6956850870552612 41
1650734083027 0.6888720666161998 42
1650734117457 0.688115064345193 43
1650734151839 0.6903860711582135 44
1650734187727 0.6835730507191522 45
1650734221353 0.6790310370931113 46
1650734254613 0.6744890234670704 47
1650734287679 0.6805450416351249 48
1650734321686 0.6790310370931113 49
