1650732617083 0.5182246452299928 0
1650732650431 0.5461729929503367 1
1650732682685 0.5507888324453806 2
1650732716044 0.5461538461538461 3
1650732749513 0.5565340291367689 4
1650732783301 0.5202008080323213 5
1650732816093 0.5630484693877551 6
1650732848721 0.5699227944637981 7
1650732881826 0.5536965392462563 8
1650732914596 0.5735060759176515 9
1650732947264 0.5771276595744681 10
1650732982942 0.6022972230440847 11
1650733015572 0.6404802744425386 12
1650733048696 0.7025413641624579 13
1650733081691 0.6992097715425022 14
1650733114956 0.7128141986245834 15
1650733148248 0.7271156241169637 16
1650733181198 0.7199151074151074 17
1650733213828 0.7242459697751494 18
1650733247803 0.7240904351779105 19
1650733280161 0.7262824486340203 20
1650733313253 0.7319795943760109 21
1650733345593 0.7268114779172454 22
1650733378935 0.722441981859454 23
1650733411780 0.7149133663366336 24
1650733445753 0.735563154467883 25
1650733478544 0.7279854564776731 26
1650733511819 0.7329930204930205 27
1650733545339 0.7286393567921922 28
1650733578550 0.7277267931195249 29
1650733611505 0.7207826813035685 30
1650733646660 0.7384700886724117 31
1650733703210 0.7370189279923038 32
1650733762957 0.7283846295110609 33
1650733806145 0.7219720244785813 34
1650733838469 0.7353812624281585 35
1650733870671 0.7249975336654664 36
1650733903295 0.7421979497314888 37
1650733938955 0.7323084486235052 38
1650733975040 0.7443453356781622 39
1650734011351 0.7425673443646955 40
1650734048396 0.7360151148286742 41
1650734083026 0.7357043409079609 42
1650734117455 0.7400202389403254 43
1650734151837 0.7381201460603072 44
1650734187725 0.734230228117777 45
1650734221351 0.7292520852175661 46
1650734254611 0.7282630764155015 47
1650734287677 0.7278062547369261 48
1650734321684 0.7231845856845857 49
