1650732617088 0.4349323511123657 0
1650732650436 0.7817467451095581 1
1650732682690 0.8741080164909363 2
1650732716049 0.7704964280128479 3
1650732749517 0.8881683349609375 4
1650732783307 0.8973900675773621 5
1650732816097 0.9041389226913452 6
1650732848726 0.8597912192344666 7
1650732881830 0.8425934910774231 8
1650732914601 0.899333655834198 9
1650732947269 0.7747506499290466 10
1650732982946 0.8612775206565857 11
1650733015577 0.925510585308075 12
1650733048700 0.8641201257705688 13
1650733081696 0.8045949339866638 14
1650733114961 0.7783487439155579 15
1650733148255 0.8785912990570068 16
1650733181204 0.5681470632553101 17
1650733213833 0.7218364477157593 18
1650733247807 0.953508198261261 19
1650733280166 0.5217325687408447 20
1650733313258 0.7420467734336853 21
1650733345598 0.7155592441558838 22
1650733378939 0.7119935750961304 23
1650733411786 0.4999665915966034 24
1650733445758 0.7287567257881165 25
1650733478549 0.7422630786895752 26
1650733511824 0.7115996479988098 27
1650733545343 0.8439267873764038 28
1650733578554 0.25133028626441956 29
1650733611510 0.6755055785179138 30
1650733646665 0.7046501040458679 31
1650733703214 0.963488757610321 32
1650733762963 0.7092435956001282 33
1650733806149 0.7521940469741821 34
1650733838473 0.963361918926239 35
1650733870676 0.7234872579574585 36
1650733903301 0.9623438119888306 37
1650733938960 0.9605789184570312 38
1650733975044 0.6502843499183655 39
1650734011356 0.71176677942276 40
1650734048402 0.5707483887672424 41
1650734083030 0.8910897970199585 42
1650734117460 0.5580565929412842 43
1650734151843 0.7366884350776672 44
1650734187730 0.49570944905281067 45
1650734221355 0.9666979312896729 46
1650734254617 0.513431191444397 47
1650734287681 0.5342811942100525 48
1650734321689 0.9260525107383728 49
