1650740074020 0.6086298258894777 0
1650740108737 0.6487509462528388 1
1650740142506 0.6532929598788796 2
1650740176919 0.6563209689629069 3
1650740211913 0.6631339894019682 4
1650740246428 0.6616199848599545 5
1650740279217 0.6631339894019682 6
1650740311992 0.6676760030280091 7
1650740344594 0.6608629825889477 8
1650740377404 0.6654049962149886 9
1650740410948 0.6608629825889477 10
1650740446191 0.6646479939439819 11
1650740478861 0.6616199848599545 12
1650740511337 0.6563209689629069 13
1650740544266 0.6585919757759273 14
1650740578632 0.6510219530658592 15
1650740613192 0.6661619984859954 16
1650740646268 0.6608629825889477 17
1650740679180 0.6608629825889477 18
1650740711717 0.6616199848599545 19
1650740744670 0.6570779712339136 20
1650740778581 0.6669190007570023 21
1650740811904 0.668433005299016 22
1650740845106 0.6578349735049205 23
1650740878085 0.6699470098410295 24
1650740910736 0.6608629825889477 25
1650740943721 0.6608629825889477 26
1650740976102 0.660105980317941 27
1650741008741 0.6585919757759273 28
1650741041602 0.663890991672975 29
1650741074396 0.67221801665405 30
1650741109187 0.660105980317941 31
1650741143608 0.6608629825889477 32
1650741177191 0.6540499621498864 33
1650741212317 0.6578349735049205 34
1650741247064 0.6585919757759273 35
1650741301615 0.6548069644208933 36
1650741347531 0.6608629825889477 37
1650741382551 0.6608629825889477 38
1650741417367 0.6623769871309614 39
