1650740074018 0.6183292601644079 0
1650740108735 0.6941311612364244 1
1650740142503 0.6866892467915486 2
1650740176918 0.6913466300481743 3
1650740211911 0.7072673247381144 4
1650740246426 0.7035712686901244 5
1650740279215 0.7026596953853149 6
1650740311990 0.7201081111677138 7
1650740344592 0.7040819812126388 8
1650740377402 0.713649768132907 9
1650740410946 0.7024981990905407 10
1650740446189 0.7109633807861043 11
1650740478858 0.7005384463851863 12
1650740511335 0.6942985184673164 13
1650740544264 0.6976764589347371 14
1650740578630 0.6776988763541947 15
1650740613187 0.7237287330665938 16
1650740646265 0.7040819812126388 17
1650740679178 0.7109032481573068 18
1650740711715 0.7035712686901244 19
1650740744668 0.700203022783668 20
1650740778579 0.707804561839914 21
1650740811902 0.7228835752917735 22
1650740845103 0.6965613435809849 23
1650740878082 0.7248013371752735 24
1650740910734 0.7040819812126388 25
1650740943718 0.7009592806507974 26
1650740976100 0.7030000916233365 27
1650741008739 0.6961791565941445 28
1650741041601 0.7099325784521183 29
1650741074394 0.725838312867993 30
1650741109185 0.6983787971006474 31
1650741143606 0.707391431069659 32
1650741177189 0.6864606328182485 33
1650741212315 0.6965613435809849 34
1650741247061 0.6961791565941445 35
1650741301613 0.6876294403673855 36
1650741347529 0.6994635193133047 37
1650741382549 0.7040819812126388 38
1650741417365 0.7030978320677891 39
