1650740074024 1.0103563070297241 0
1650740108739 0.7594543099403381 1
1650740142511 0.6256720423698425 2
1650740176923 0.628058910369873 3
1650740211916 0.751478910446167 4
1650740246432 0.6147499680519104 5
1650740279220 0.7294249534606934 6
1650740311995 0.733710527420044 7
1650740344596 0.8028544783592224 8
1650740377406 1.9435821771621704 9
1650740410950 0.7651293873786926 10
1650740446194 0.577069878578186 11
1650740478863 0.9168153405189514 12
1650740511339 0.9356996417045593 13
1650740544268 0.9220256209373474 14
1650740578635 0.7475996613502502 15
1650740613198 0.844428539276123 16
1650740646270 0.8443700671195984 17
1650740679182 0.9214222431182861 18
1650740711719 0.5914502739906311 19
1650740744674 0.7412759065628052 20
1650740778584 0.48538604378700256 21
1650740811906 0.21447378396987915 22
1650740845108 0.7138055562973022 23
1650740878087 0.2530670166015625 24
1650740910739 0.6362427473068237 25
1650740943723 0.7623617053031921 26
1650740976105 0.7501829862594604 27
1650741008743 0.8145957589149475 28
1650741041605 0.9089277982711792 29
1650741074399 0.7665048241615295 30
1650741109190 0.5991266965866089 31
1650741143611 0.5558503866195679 32
1650741177195 0.9144822955131531 33
1650741212320 0.689532458782196 34
1650741247067 0.6195918917655945 35
1650741301617 0.6330403089523315 36
1650741347534 0.7492737174034119 37
1650741382553 0.13768921792507172 38
1650741417370 0.7431037425994873 39
