1650659515424 0.49970800010992933 0
1650659588094 0.5006472491909385 1
1650659610457 0.48173765199327856 2
1650659632222 0.5042472115270115 3
1650659682685 0.4824110823262165 4
1650659718739 0.519638495359062 5
1650659762960 0.4746437113198708 6
1650659787081 0.540349407310867 7
1650659809319 0.4761583445793972 8
1650659832134 0.5041220536249825 9
1650659854725 0.5115302585977073 10
1650659900309 0.529929659341937 11
1650659923473 0.47422006472491907 12
1650659945682 0.5006498781478472 13
1650659968600 0.5061940472038134 14
1650660001703 0.4810062659741116 15
1650660077595 0.51308755047201 16
1650660100123 0.5206011730205278 17
1650660123771 0.4693844995469569 18
1650660156996 0.4952433877135183 19
1650660179302 0.48867133687018205 20
