1650659515521 1.272887110710144 0
1650659588140 0.987323522567749 1
1650659610501 1.09786856174469 2
1650659632268 1.1637219190597534 3
1650659682792 1.000712513923645 4
1650659718860 0.9975432753562927 5
1650659763006 1.3436644077301025 6
1650659787131 0.9784297943115234 7
1650659809358 1.1206209659576416 8
1650659832287 1.3130089044570923 9
1650659854769 0.9942220449447632 10
1650659900357 1.0180882215499878 11
1650659923513 1.0997289419174194 12
1650659945726 1.0663478374481201 13
1650659968648 1.0886410474777222 14
1650660001743 1.0830014944076538 15
1650660077638 0.8913805484771729 16
1650660100163 0.8965492844581604 17
1650660123828 0.9160441160202026 18
1650660157033 1.1782336235046387 19
1650660179347 0.8844062089920044 20
