1650727744177 0.4640423921271764 0
1650727779893 0.4027252081756245 1
1650727812329 0.39894019682059045 2
1650727844364 0.3981831945495837 3
1650727876526 0.39894019682059045 4
1650727908288 0.3981831945495837 5
1650727941298 0.3981831945495837 6
1650727973051 0.39742619227857684 7
1650728005028 0.3981831945495837 8
1650728037247 0.3981831945495837 9
1650728069329 0.39894019682059045 10
1650728102374 0.3981831945495837 11
1650728133987 0.3981831945495837 12
1650728166774 0.39742619227857684 13
1650728198632 0.3981831945495837 14
1650728230439 0.3981831945495837 15
1650728263571 0.3981831945495837 16
1650728295270 0.3981831945495837 17
1650728326942 0.3981831945495837 18
1650728359157 0.3981831945495837 19
1650728391885 0.3981831945495837 20
1650728424748 0.3981831945495837 21
1650728457021 0.3981831945495837 22
1650728488826 0.3981831945495837 23
1650728521084 0.3981831945495837 24
1650728552944 0.3981831945495837 25
1650728586718 0.3981831945495837 26
1650728619173 0.3981831945495837 27
1650728651079 0.3981831945495837 28
1650728681646 0.39894019682059045 29
1650728711868 0.39894019682059045 30
1650728743085 0.3981831945495837 31
