1650727744175 0.49526178209780974 0
1650727779891 0.5747708174178762 1
1650727812327 0.49908814589665657 2
1650727844362 0.0 3
1650727876524 0.6992424242424242 4
1650727908286 0.0 5
1650727941296 0.0 6
1650727973049 0.19886363636363635 7
1650728005026 0.0 8
1650728037245 0.0 9
1650728069327 0.6992424242424242 10
1650728102371 0.0 11
1650728133984 0.0 12
1650728166772 0.19886363636363635 13
1650728198630 0.0 14
1650728230436 0.0 15
1650728263569 0.0 16
1650728295268 0.0 17
1650728326940 0.0 18
1650728359155 0.0 19
1650728391883 0.0 20
1650728424744 0.0 21
1650728457018 0.0 22
1650728488822 0.0 23
1650728521082 0.0 24
1650728552941 0.0 25
1650728586716 0.0 26
1650728619170 0.0 27
1650728651077 0.0 28
1650728681645 0.6992424242424242 29
1650728711866 0.6992424242424242 30
1650728743083 0.0 31
