1650727744180 0.8675941824913025 0
1650727779895 0.6422293782234192 1
1650727812331 0.7006258964538574 2
1650727844366 1.14066743850708 3
1650727876529 1.0348907709121704 4
1650727908290 1.048330307006836 5
1650727941301 0.9781385660171509 6
1650727973054 0.6616343855857849 7
1650728005031 1.0419470071792603 8
1650728037250 0.645067036151886 9
1650728069331 0.6692205667495728 10
1650728102376 0.6997117400169373 11
1650728133989 0.6697639226913452 12
1650728166777 0.9826147556304932 13
1650728198635 1.0498144626617432 14
1650728230441 1.0273783206939697 15
1650728263575 1.0011403560638428 16
1650728295273 0.9919928312301636 17
1650728326945 0.9786380529403687 18
1650728359161 1.0405280590057373 19
1650728391888 1.0411993265151978 20
1650728424751 1.052324891090393 21
1650728457024 0.9926050305366516 22
1650728488828 0.9919957518577576 23
1650728521087 0.6790398955345154 24
1650728552946 0.6513708233833313 25
1650728586721 1.0572319030761719 26
1650728619175 0.9895622134208679 27
1650728651081 1.0424529314041138 28
1650728681649 1.0392059087753296 29
1650728711871 0.6420901417732239 30
1650728743087 0.6690064072608948 31
