1650660436023 0.4481998530492285 0
1650660482503 0.43644379132990446 1
1650660508231 0.43864805290227776 2
1650660533401 0.44452608376193975 3
1650660617654 0.443791329904482 4
1650660649732 0.44599559147685525 5
1650660756710 0.4305657604702425 6
1650660809218 0.42689199118295373 7
1650660867048 0.43350477590007347 8
1650660891065 0.44893460690668624 9
1650660914048 0.4276267450404115 10
1650660960026 0.4518736223365173 11
1650660983927 0.4342395297575312 12
1650661008325 0.4371785451873622 13
1650661030974 0.443791329904482 14
1650661053509 0.44452608376193975 15
1650661099876 0.44305657604702425 16
1650661123630 0.44158706833210876 17
1650661146518 0.426157237325496 18
1650661169534 0.4342395297575312 19
1650661192559 0.43350477590007347 20
1650661240132 0.44893460690668624 21
1650661262883 0.44599559147685525 22
1650661285585 0.4371785451873622 23
1650661308418 0.4136664217487142 24
1650661331632 0.4481998530492285 25
1650661377500 0.43791329904481996 26
1650661400265 0.43864805290227776 27
1650661423177 0.4254224834680382 28
1650661445668 0.426157237325496 29
1650661470193 0.41880969875091845 30
1650661515593 0.4276267450404115 31
1650661538801 0.43864805290227776 32
1650661561402 0.42468772961058043 33
1650661584286 0.4166054371785452 34
1650661607031 0.4452608376193975 35
1650661654226 0.449669360764144 36
1650661676471 0.45260837619397504 37
1650661699679 0.429096252755327 38
1650661722461 0.42689199118295373 39
1650661745160 0.4327700220426157 40
1650661792092 0.4357090374724467 41
1650661814296 0.4327700220426157 42
1650661837503 0.4481998530492285 43
1650661860760 0.44746509919177074 44
1650661884352 0.44305657604702425 45
1650661929715 0.43350477590007347 46
1650661952530 0.43497428361498897 47
1650661975500 0.4393828067597355 48
1650661999574 0.440852314474651 49
