1650660436012 0.5203158812103487 0
1650660482493 0.49597219311115776 1
1650660508220 0.4970479704797047 2
1650660533390 0.5149240373212808 3
1650660617643 0.5116336723905356 4
1650660649722 0.5162455737391138 5
1650660756699 0.4849346588193525 6
1650660809106 0.4792980438072154 7
1650660866998 0.4975909410219602 8
1650660891056 0.5225370863446177 9
1650660914037 0.4831894885997681 10
1650660960000 0.5243130796567566 11
1650660983917 0.4943702666810236 12
1650661008204 0.5007168458781361 13
1650661030964 0.5078582407601482 14
1650661053498 0.5103747828245222 15
1650661099866 0.5074402244403091 16
1650661123620 0.5025950194797636 17
1650661146509 0.48186226256881404 18
1650661169523 0.4948210106613504 19
1650661192550 0.4895809151861916 20
1650661240122 0.5187950899106278 21
1650661262874 0.5144823899916212 22
1650661285575 0.5002235079481607 23
1650661308407 0.4608953258722844 24
1650661331622 0.5196919441713019 25
1650661377490 0.49975460384525106 26
1650661400253 0.4993051201671891 27
1650661423168 0.47631436406107175 28
1650661445658 0.4850113404836044 29
1650661470182 0.4722557718214335 30
1650661515583 0.48513467603158067 31
1650661538790 0.4974893446083037 32
1650661561392 0.4793813117503372 33
1650661584276 0.46506047880549867 34
1650661607022 0.5097086872868465 35
1650661654216 0.528295193169857 36
1650661676461 0.5227251962582667 37
1650661699669 0.4897968143917412 38
1650661722451 0.48569194594100995 39
1650661745150 0.49415938055720215 40
1650661792082 0.49635243503945436 41
1650661814285 0.490651257542435 42
1650661837494 0.5196919441713019 43
1650661860750 0.5152005105839804 44
1650661884342 0.5064158829676071 45
1650661929706 0.4980913389459117 46
1650661952521 0.4935949835813596 47
1650661975490 0.5016862273755656 48
1650661999565 0.5021390983674484 49
