1650660436078 1.2799426317214966 0
1650660482548 2.0383825302124023 1
1650660508285 1.9191949367523193 2
1650660533450 2.298143148422241 3
1650660617704 1.8502306938171387 4
1650660649782 1.9544857740402222 5
1650660756759 1.465887427330017 6
1650660809277 1.9789059162139893 7
1650660867120 2.4653375148773193 8
1650660891121 1.907886028289795 9
1650660914094 1.939300537109375 10
1650660960146 1.9164602756500244 11
1650660983981 2.092238426208496 12
1650661008373 2.128788948059082 13
1650661031021 2.69639253616333 14
1650661053560 1.6392879486083984 15
1650661099929 2.198795795440674 16
1650661123675 1.6638087034225464 17
1650661146565 2.001300811767578 18
1650661169587 2.1605191230773926 19
1650661192607 1.7950855493545532 20
1650661240213 1.7186816930770874 21
1650661262928 2.01395320892334 22
1650661285631 1.7148845195770264 23
1650661308463 1.9597119092941284 24
1650661331682 2.2378737926483154 25
1650661377542 1.8447693586349487 26
1650661400308 2.002556085586548 27
1650661423222 2.270901679992676 28
1650661445717 2.038618803024292 29
1650661470242 1.7739897966384888 30
1650661515642 2.0973989963531494 31
1650661538846 1.4452388286590576 32
1650661561446 2.0880825519561768 33
1650661584331 1.8977988958358765 34
1650661607078 1.8879090547561646 35
1650661654270 1.9090299606323242 36
1650661676517 1.6350857019424438 37
1650661699723 1.885778546333313 38
1650661722501 1.4562630653381348 39
1650661745208 1.7929191589355469 40
1650661792139 2.100379467010498 41
1650661814342 1.6418346166610718 42
1650661837547 1.9888678789138794 43
1650661860811 2.2795708179473877 44
1650661884401 1.6980887651443481 45
1650661929763 2.3720529079437256 46
1650661952574 2.1009178161621094 47
1650661975548 1.722983956336975 48
1650661999623 2.3439996242523193 49
