1650657527602 0.5457700429126081 0
1650657624159 0.5251602871031583 1
1650657676817 0.5448950475640867 2
1650657729835 0.5371134530923752 3
1650657822291 0.520233525271913 4
1650657886765 0.5580123680849634 5
1650658061114 0.5046695255598665 6
1650658114614 0.5616112571099432 7
1650658167785 0.5275178687459389 8
1650658222099 0.5457140670097754 9
1650658275454 0.5317666493177343 10
1650658374341 0.5319662793347004 11
1650658430744 0.5362701500833796 12
1650658520210 0.547696438665913 13
1650658590915 0.5534381931841097 14
1650658644857 0.5235417674351946 15
1650658744272 0.5351974966237957 16
1650658798226 0.5337840550680544 17
1650658851477 0.5347797307193961 18
1650658902240 0.5412388712977727 19
1650658955641 0.5331140942615579 20
