1650657527650 0.04135676100850105 0
1650657624170 0.9858884811401367 1
1650657676829 0.19158805906772614 2
1650657729848 3.777663469314575 3
1650657822302 2.69305157661438 4
1650657886776 1.8257242441177368 5
1650658061126 0.5333996415138245 6
1650658114626 0.11864380538463593 7
1650658167797 1.7940770387649536 8
1650658222111 0.2298683375120163 9
1650658275497 3.587794065475464 10
1650658374354 1.1473668813705444 11
1650658430755 1.4337033033370972 12
1650658520221 0.9622921943664551 13
1650658590943 1.0627416372299194 14
1650658644868 0.8472007513046265 15
1650658744286 0.599294126033783 16
1650658798237 0.17477543652057648 17
1650658851488 1.2058402299880981 18
1650658902251 2.5925378799438477 19
1650658955652 0.6240121126174927 20
