1650717700413 0.5150624540778839 0
1650717747321 0.47024246877296105 1
1650717771040 0.5040411462160176 2
1650717794827 0.49448934606906686 3
1650717818452 0.4886113152094049 4
1650717841163 0.5128581925055107 5
1650717887335 0.4834680382072006 6
1650717910602 0.4842027920646583 7
1650717933973 0.5187362233651727 8
1650717957065 0.5003673769287289 9
1650717980777 0.4878765613519471 10
1650718027391 0.5033063923585599 11
1650718050722 0.4761204996326231 12
1650718074439 0.5099191770756797 13
1650718097823 0.4856722997795738 14
1650718120769 0.4856722997795738 15
1650718167669 0.4775900073475386 16
1650718190677 0.5157972079353417 17
1650718214185 0.46583394562821456 18
1650718237088 0.5025716385011021 19
1650718260664 0.4856722997795738 20
1650718306709 0.4922850844966936 21
1650718330289 0.4878765613519471 22
1650718353521 0.5157972079353417 23
1650718377214 0.49742836149889785 24
1650718400760 0.4878765613519471 25
1650718447614 0.4878765613519471 26
1650718470457 0.4922850844966936 27
1650718493945 0.48273328434974283 28
1650718516908 0.5246142542248347 29
1650718540873 0.4871418074944893 30
1650718587114 0.5157972079353417 31
1650718610519 0.4981631153563556 32
1650718633398 0.46069066862601027 33
1650718657008 0.4952240999265246 34
1650718680524 0.4871418074944893 35
1650718725050 0.520940484937546 36
1650718747244 0.49008082292432037 37
1650718769839 0.5055106539309331 38
1650718792181 0.4952240999265246 39
1650718815143 0.5121234386480529 40
1650718859733 0.4842027920646583 41
1650718882537 0.49448934606906686 42
1650718904957 0.4886113152094049 43
1650718927691 0.5055106539309331 44
1650718950769 0.5025716385011021 45
1650718995570 0.49595885378398236 46
1650719018066 0.4834680382072006 47
1650719040803 0.49301983835415136 48
1650719063665 0.5106539309331374 49
