1650717700383 0.5266630786262181 0
1650717747237 0.48252187235238087 1
1650717771037 0.5108446621741828 2
1650717794825 0.5043345604592125 3
1650717818450 0.49664891304347825 4
1650717841161 0.5236553784860558 5
1650717887333 0.4947988479333272 6
1650717910600 0.49539790055877164 7
1650717933971 0.5337477777924822 8
1650717957063 0.5078915704518404 9
1650717980775 0.4989731599989502 10
1650718027389 0.5150571416060952 11
1650718050720 0.48706662759061126 12
1650718074437 0.5225380532526209 13
1650718097822 0.4983520850899381 14
1650718120767 0.4983520850899381 15
1650718167666 0.48999007897312985 16
1650718190675 0.5211587272711523 17
1650718214183 0.4772054314498466 18
1650718237086 0.5117471808072757 19
1650718260662 0.49894107867026755 20
1650718306707 0.5013731178159042 21
1650718330288 0.5013343629819328 22
1650718353519 0.5260085342548234 23
1650718377213 0.5078990235125598 24
1650718400758 0.4960544741328324 25
1650718447612 0.497218469450013 26
1650718470455 0.49990875991692807 27
1650718493943 0.4910195008852175 28
1650718516906 0.5333563214389829 29
1650718540871 0.4951695652173913 30
1650718587111 0.5291423575721366 31
1650718610517 0.5112048817347907 32
1650718633396 0.47597042718747923 33
1650718657005 0.5079137748629274 34
1650718680523 0.49925675497908395 35
1650718725048 0.5304271013053101 36
1650718747243 0.5001756683033279 37
1650718769838 0.5120245066146172 38
1650718792179 0.5079137748629274 39
1650718815140 0.5268335486601966 40
1650718859731 0.4948162245071863 41
1650718882535 0.5076186081262224 42
1650718904955 0.5007487261788875 43
1650718927689 0.5132135191734517 44
1650718950767 0.5114481302511863 45
1650718995568 0.5067110501269452 46
1650719018064 0.49508979413052995 47
1650719040801 0.5055236193694188 48
1650719063663 0.5200501908297172 49
