1650717700447 2.1084020137786865 0
1650717747371 2.393289804458618 1
1650717771105 2.0720343589782715 2
1650717794859 1.9702463150024414 3
1650717818474 1.9923748970031738 4
1650717841185 2.651047468185425 5
1650717887363 2.475166082382202 6
1650717910630 2.286505699157715 7
1650717933998 1.5607612133026123 8
1650717957090 2.302276372909546 9
1650717980803 2.043456554412842 10
1650718027417 2.010864734649658 11
1650718050746 1.8190473318099976 12
1650718074464 2.638753890991211 13
1650718097853 2.3149235248565674 14
1650718120794 2.077857494354248 15
1650718167698 2.353928804397583 16
1650718190703 2.3988938331604004 17
1650718214210 2.1155002117156982 18
1650718237116 1.7847932577133179 19
1650718260694 2.080256223678589 20
1650718306742 1.9437710046768188 21
1650718330314 1.6646721363067627 22
1650718353547 2.0763943195343018 23
1650718377244 2.0785679817199707 24
1650718400782 1.9430992603302002 25
1650718447638 1.8295258283615112 26
1650718470484 2.9824037551879883 27
1650718493973 1.7288787364959717 28
1650718516934 2.031923770904541 29
1650718540906 2.059772253036499 30
1650718587142 2.0696470737457275 31
1650718610547 2.1751933097839355 32
1650718633425 1.9203391075134277 33
1650718657032 2.2723591327667236 34
1650718680548 2.1370322704315186 35
1650718725077 2.231416702270508 36
1650718747273 2.2204535007476807 37
1650718769864 2.0137271881103516 38
1650718792205 2.1715245246887207 39
1650718815170 2.124555826187134 40
1650718859757 2.913492202758789 41
1650718882558 1.9330681562423706 42
1650718904986 2.4463398456573486 43
1650718927712 2.101299285888672 44
1650718950792 1.871286153793335 45
1650718995593 2.5565476417541504 46
1650719018088 2.191246509552002 47
1650719040828 2.4374377727508545 48
1650719063689 1.8212122917175293 49
