1650742651722 0.7168811506434519 0
1650742684048 0.7183951551854656 1
1650742716743 0.7055261165783497 2
1650742751162 0.7191521574564723 3
1650742784422 0.7032551097653293 4
1650742817837 0.7214231642694928 5
1650742850953 0.7024981074943225 6
1650742884471 0.712339137017411 7
1650742917933 0.712339137017411 8
1650742951201 0.7168811506434519 9
1650742985226 0.6987130961392884 10
1650743021865 0.7138531415594247 11
1650743054874 0.708554125662377 12
1650743087493 0.7138531415594247 13
1650743119660 0.7138531415594247 14
1650743152532 0.7183951551854656 15
1650743184948 0.7024981074943225 16
1650743217639 0.7108251324753975 17
1650743250187 0.7093111279333838 18
1650743283278 0.7138531415594247 19
1650743316736 0.7146101438304315 20
1650743350869 0.7229371688115064 21
1650743383950 0.7146101438304315 22
1650743416927 0.7199091597274792 23
1650743449504 0.7153671461014383 24
1650743482223 0.7077971233913701 25
1650743514975 0.7108251324753975 26
1650743549461 0.7183951551854656 27
1650743582303 0.7191521574564723 28
1650743614746 0.7017411052233157 29
1650743648083 0.7130961392884179 30
1650743682014 0.7221801665404997 31
1650743715011 0.7093111279333838 32
1650743748409 0.7229371688115064 33
1650743781505 0.7183951551854656 34
1650743815905 0.7108251324753975 35
1650743848941 0.7130961392884179 36
1650743881417 0.7055261165783497 37
1650743914337 0.7199091597274792 38
1650743947195 0.7070401211203634 39
1650743979526 0.7168811506434519 40
1650744013690 0.7168811506434519 41
1650744046590 0.7191521574564723 42
1650744079022 0.708554125662377 43
1650744112127 0.7047691143073429 44
1650744144924 0.7229371688115064 45
1650744177362 0.7017411052233157 46
1650744210072 0.7055261165783497 47
1650744243286 0.7229371688115064 48
1650744275912 0.728993186979561 49
1650744308660 0.7115821347464042 50
1650744342282 0.7047691143073429 51
1650744374873 0.7199091597274792 52
1650744407267 0.7108251324753975 53
1650744439918 0.7161241483724451 54
1650744473075 0.7024981074943225 55
1650744505993 0.7153671461014383 56
1650744538868 0.7070401211203634 57
1650744571734 0.7108251324753975 58
1650744604483 0.7221801665404997 59
1650744637657 0.7138531415594247 60
1650744671822 0.7236941710825132 61
1650744704786 0.7093111279333838 62
1650744737153 0.7017411052233157 63
1650744769962 0.7274791824375473 64
1650744802667 0.7130961392884179 65
1650744835355 0.7168811506434519 66
1650744868192 0.6956850870552612 67
1650744901163 0.7108251324753975 68
1650744934682 0.7100681302043906 69
1650744967264 0.7070401211203634 70
1650745000572 0.7161241483724451 71
1650745034012 0.7055261165783497 72
1650745066774 0.7221801665404997 73
1650745099385 0.7138531415594247 74
1650745132171 0.7093111279333838 75
1650745165478 0.7093111279333838 76
1650745198320 0.7138531415594247 77
1650745230508 0.708554125662377 78
1650745263021 0.7077971233913701 79
1650745295552 0.7146101438304315 80
1650745328724 0.712339137017411 81
1650745361307 0.6971990915972748 82
1650745394375 0.7214231642694928 83
1650745426926 0.7093111279333838 84
1650745459629 0.7070401211203634 85
1650745492108 0.7100681302043906 86
1650745524844 0.7100681302043906 87
1650745557497 0.7108251324753975 88
1650745589874 0.7108251324753975 89
1650745622109 0.7032551097653293 90
1650745656036 0.7214231642694928 91
1650745688299 0.7168811506434519 92
1650745720598 0.7221801665404997 93
1650745753073 0.7229371688115064 94
1650745785385 0.6964420893262679 95
1650745817718 0.7161241483724451 96
1650745850128 0.7108251324753975 97
1650745882163 0.7077971233913701 98
1650745914090 0.708554125662377 99
1650745946564 0.7214231642694928 100
1650745979788 0.7130961392884179 101
1650746011650 0.7183951551854656 102
1650746043563 0.7183951551854656 103
1650746076319 0.7161241483724451 104
1650746108228 0.720666161998486 105
1650746140011 0.7032551097653293 106
1650746172347 0.7168811506434519 107
1650746204939 0.7115821347464042 108
1650746236768 0.712339137017411 109
1650746268172 0.7191521574564723 110
1650746301714 0.7138531415594247 111
1650746333496 0.7183951551854656 112
1650746365291 0.7130961392884179 113
1650746397448 0.7093111279333838 114
1650746429297 0.6979560938682816 115
1650746461526 0.7024981074943225 116
1650746493609 0.708554125662377 117
1650746526601 0.72445117335352 118
1650746558801 0.7115821347464042 119
1650746591247 0.7108251324753975 120
1650746624287 0.7009841029523088 121
1650746656187 0.720666161998486 122
1650746687965 0.7161241483724451 123
1650746720668 0.7320211960635882 124
1650746752565 0.7017411052233157 125
1650746784585 0.712339137017411 126
1650746816651 0.7070401211203634 127
1650746848927 0.7252081756245269 128
1650746880934 0.6949280847842544 129
1650746913065 0.7146101438304315 130
1650746946447 0.7146101438304315 131
1650746978305 0.7221801665404997 132
1650747010154 0.7191521574564723 133
1650747042211 0.7199091597274792 134
1650747073798 0.7108251324753975 135
1650747105986 0.7017411052233157 136
1650747137885 0.7153671461014383 137
1650747169773 0.7146101438304315 138
1650747202499 0.7214231642694928 139
1650747234953 0.7176381529144588 140
1650747267579 0.7077971233913701 141
1650747299726 0.7176381529144588 142
1650747331710 0.7191521574564723 143
1650747363890 0.7236941710825132 144
1650747396079 0.7153671461014383 145
1650747428563 0.7070401211203634 146
1650747460801 0.7108251324753975 147
1650747492609 0.7093111279333838 148
1650747524759 0.7176381529144588 149
