1650742651719 0.733119836783839 0
1650742684046 0.7353289407672498 1
1650742716740 0.715029570158919 2
1650742751160 0.7326591101556901 3
1650742784420 0.71642479758474 4
1650742817835 0.7375922874093604 5
1650742850951 0.7149620175198467 6
1650742884469 0.7307676390048077 7
1650742917930 0.7264925248336065 8
1650742951199 0.727877587816736 9
1650742985224 0.7089997201346084 10
1650743021863 0.7308120662257052 11
1650743054872 0.7219518934620128 12
1650743087491 0.7322869493618773 13
1650743119658 0.727359590379482 14
1650743152530 0.7270593236349896 15
1650743184943 0.7191382673470254 16
1650743217637 0.725632579980406 17
1650743250185 0.7183838200027297 18
1650743283275 0.7254391119817173 19
1650743316734 0.7281230382925299 20
1650743350867 0.7363839788789078 21
1650743383947 0.7301524234864943 22
1650743416925 0.7382724265892224 23
1650743449502 0.7295471255688254 24
1650743482222 0.7211698929090233 25
1650743514973 0.7229845200007948 26
1650743549459 0.7346189943687848 27
1650743582300 0.7313798889892862 28
1650743614744 0.7128702785662868 29
1650743648081 0.7286290512808417 30
1650743682011 0.7362961738217044 31
1650743715009 0.724779691328951 32
1650743748407 0.7363839788789078 33
1650743781503 0.7346189943687848 34
1650743815903 0.7277549059969809 35
1650743848939 0.7246709514428394 36
1650743881414 0.7144409590698653 37
1650743914335 0.7354152933421226 38
1650743947192 0.7231524129631934 39
1650743979524 0.733119836783839 40
1650744013688 0.733119836783839 41
1650744046588 0.7353654001938885 42
1650744079020 0.7200153384417206 43
1650744112124 0.7160710444229321 44
1650744144921 0.7363839788789078 45
1650744177359 0.7154982317453713 46
1650744210070 0.7168648239049381 47
1650744243284 0.737036174507064 48
1650744275910 0.7470029382957885 49
1650744308658 0.7237585489146595 50
1650744342280 0.7154470049165524 51
1650744374871 0.7354152933421226 52
1650744407265 0.7211263467189031 53
1650744439916 0.7283564588626148 54
1650744473073 0.7118339839188603 55
1650744505991 0.7330547896831325 56
1650744538866 0.7210574153883862 57
1650744571732 0.7263266193108506 58
1650744604480 0.7419833669184994 59
1650744637656 0.7230420122818938 60
1650744671820 0.7391130870953031 61
1650744704783 0.7195673994764707 62
1650744737151 0.7176075695105191 63
1650744769960 0.7414377333205704 64
1650744802665 0.7211374996020502 65
1650744835353 0.7304004539878105 66
1650744868190 0.7063379793356911 67
1650744901160 0.7223533289386947 68
1650744934680 0.7185910675100038 69
1650744967262 0.7190794238351976 70
1650745000570 0.7323670234167537 71
1650745034010 0.7201686858054884 72
1650745066772 0.7362961738217044 73
1650745099383 0.7219098625193769 74
1650745132168 0.7227314590728191 75
1650745165475 0.7300410341455119 76
1650745198318 0.7280242821198929 77
1650745230506 0.7193940595367891 78
1650745263019 0.719865212883374 79
1650745295550 0.7281230382925299 80
1650745328721 0.7239006212810067 81
1650745361306 0.7067454385354167 82
1650745394373 0.7382972663261994 83
1650745426924 0.7234012364447148 84
1650745459628 0.7203854230170021 85
1650745492106 0.7180274206708683 86
1650745524842 0.7228522336769759 87
1650745557495 0.7236278072872986 88
1650745589872 0.725632579980406 89
1650745622107 0.7132379009331417 90
1650745656033 0.7390154692013792 91
1650745688297 0.7272759323598416 92
1650745720595 0.7390342617372054 93
1650745753071 0.7412137066176763 94
1650745785383 0.7053180552435031 95
1650745817716 0.730305282981465 96
1650745850126 0.7263266193108506 97
1650745882160 0.719865212883374 98
1650745914088 0.7240025321653436 99
1650745946562 0.7375922874093604 100
1650745979786 0.722270942954982 101
1650746011648 0.7346189943687848 102
1650746043561 0.7325670648900785 103
1650746076317 0.7296434396043772 104
1650746108226 0.7382777833383378 105
1650746140009 0.7109009558673989 106
1650746172345 0.7284906588003933 107
1650746204937 0.7201491818129252 108
1650746236766 0.728569342768278 109
1650746268170 0.7289606470916375 110
1650746301712 0.7287016288170173 111
1650746333494 0.7332382992748845 112
1650746365289 0.7300513354711766 113
1650746397446 0.7214295698710013 114
1650746429295 0.708181631535724 115
1650746461524 0.7163004688991244 116
1650746493607 0.7187845249368687 117
1650746526599 0.7412335084991505 118
1650746558799 0.7257232236259756 119
1650746591245 0.7249515972894484 120
1650746624285 0.7175358363715185 121
1650746656185 0.7354783394092507 122
1650746687963 0.730305282981465 123
1650746720666 0.7498544480670704 124
1650746752564 0.7128702785662868 125
1650746784584 0.7258260447035957 126
1650746816649 0.7197261741890698 127
1650746848924 0.7441368640522701 128
1650746880932 0.6992384785353536 129
1650746913063 0.7301524234864943 130
1650746946445 0.7322998154918742 131
1650746978303 0.7397511321230793 132
1650747010152 0.7382815145973041 133
1650747042210 0.7347336757923465 134
1650747073795 0.725632579980406 135
1650747105984 0.7168907362754444 136
1650747137883 0.7288843111404087 137
1650747169771 0.7287868023001022 138
1650747202497 0.7362210251387528 139
1650747234951 0.7311553842226862 140
1650747267577 0.7174007885742029 141
1650747299724 0.7318152225378788 142
1650747331708 0.7283836662564297 143
1650747363887 0.7434400230680508 144
1650747396077 0.724578028780192 145
1650747428561 0.7160250410697104 146
1650747460799 0.7249515972894484 147
1650747492607 0.7269485472574718 148
1650747524757 0.7338704834350915 149
