1650742651724 0.7432159185409546 0
1650742684051 0.8459171056747437 1
1650742716745 0.6263079643249512 2
1650742751165 0.8077403903007507 3
1650742784424 0.8062477707862854 4
1650742817840 0.8313508629798889 5
1650742850955 0.7400742173194885 6
1650742884474 0.45770731568336487 7
1650742917935 0.8925846219062805 8
1650742951203 0.8092042207717896 9
1650742985228 0.806224524974823 10
1650743021868 0.8520069122314453 11
1650743054876 0.865983784198761 12
1650743087496 0.17807264626026154 13
1650743119662 0.9000474810600281 14
1650743152534 0.5014858245849609 15
1650743184951 1.0806554555892944 16
1650743217642 0.8190631866455078 17
1650743250190 0.8248125314712524 18
1650743283280 0.7367161512374878 19
1650743316738 0.7742646336555481 20
1650743350872 0.6835983395576477 21
1650743383952 0.8030527234077454 22
1650743416929 0.9398180246353149 23
1650743449507 0.49972954392433167 24
1650743482226 0.8501304388046265 25
1650743514978 0.8983300924301147 26
1650743549464 0.5520603060722351 27
1650743582306 0.4876890778541565 28
1650743614748 0.8224625587463379 29
1650743648085 0.7904180884361267 30
1650743682018 0.495766818523407 31
1650743715013 0.7893941402435303 32
1650743748412 0.822795569896698 33
1650743781507 0.47384878993034363 34
1650743815908 0.8857590556144714 35
1650743848943 0.6868487596511841 36
1650743881419 0.892385721206665 37
1650743914339 0.8859350085258484 38
1650743947197 0.8136139512062073 39
1650743979529 0.5324301719665527 40
1650744013692 0.7644392251968384 41
1650744046592 0.5136245489120483 42
1650744079025 0.6909330487251282 43
1650744112129 0.7899301052093506 44
1650744144926 0.8334877490997314 45
1650744177365 0.5115034580230713 46
1650744210074 0.8599578142166138 47
1650744243289 0.8519649505615234 48
1650744275914 0.8106015920639038 49
1650744308663 0.4682401120662689 50
1650744342285 0.4795877933502197 51
1650744374875 0.8537243604660034 52
1650744407270 0.8289493918418884 53
1650744439920 0.8050892949104309 54
1650744473077 0.8140613436698914 55
1650744505995 0.8309435844421387 56
1650744538871 0.47104281187057495 57
1650744571737 0.8995469808578491 58
1650744604485 0.8338521718978882 59
1650744637660 0.8454387784004211 60
1650744671824 0.9814038276672363 61
1650744704788 0.8028463125228882 62
1650744737156 0.4888348877429962 63
1650744769965 0.8855272531509399 64
1650744802670 0.8072863221168518 65
1650744835358 0.8334918022155762 66
1650744868195 0.6383963227272034 67
1650744901165 0.9293434619903564 68
1650744934685 0.5607461333274841 69
1650744967267 0.5577988624572754 70
1650745000574 0.8988049626350403 71
1650745034014 0.48482146859169006 72
1650745066776 0.8988816738128662 73
1650745099387 0.5073170065879822 74
1650745132173 0.8392993211746216 75
1650745165480 0.8022089600563049 76
1650745198322 0.7832425832748413 77
1650745230510 0.8301880955696106 78
1650745263023 0.8228445053100586 79
1650745295554 0.8319646120071411 80
1650745328726 0.6830018162727356 81
1650745361310 0.8482560515403748 82
1650745394377 0.8378594517707825 83
1650745426929 0.7378813624382019 84
1650745459632 0.4779069721698761 85
1650745492110 0.8081520199775696 86
1650745524847 0.4999706745147705 87
1650745557499 0.8680412769317627 88
1650745589877 0.48202016949653625 89
1650745622112 0.4565883278846741 90
1650745656038 0.808768630027771 91
1650745688303 0.8748428821563721 92
1650745720600 0.8213537931442261 93
1650745753076 0.8440641164779663 94
1650745785388 0.5695753693580627 95
1650745817721 0.47457611560821533 96
1650745850131 0.7438920140266418 97
1650745882166 0.5476793646812439 98
1650745914092 0.9733268022537231 99
1650745946566 0.805512547492981 100
1650745979791 0.8611840009689331 101
1650746011653 0.8268391489982605 102
1650746043565 0.4662865996360779 103
1650746076321 0.7500604391098022 104
1650746108230 0.8369458317756653 105
1650746140013 0.9433718919754028 106
1650746172350 0.4798389971256256 107
1650746204942 0.6043810844421387 108
1650746236770 0.8091496825218201 109
1650746268174 0.8356299996376038 110
1650746301716 0.8091667890548706 111
1650746333498 0.44059330224990845 112
1650746365293 0.9348196387290955 113
1650746397451 0.4506966769695282 114
1650746429300 0.49227356910705566 115
1650746461528 0.8123580813407898 116
1650746493613 0.832754909992218 117
1650746526603 0.815445065498352 118
1650746558803 0.8452546000480652 119
1650746591250 0.35559436678886414 120
1650746624290 0.8363837003707886 121
1650746656190 0.8255558013916016 122
1650746687967 0.7698720097541809 123
1650746720671 0.5128604173660278 124
1650746752567 0.8164243698120117 125
1650746784588 0.854351282119751 126
1650746816654 0.8316659331321716 127
1650746848929 0.48182711005210876 128
1650746880938 0.8151671290397644 129
1650746913068 0.5209397673606873 130
1650746946450 0.49352988600730896 131
1650746978309 0.4307735860347748 132
1650747010157 0.7648438215255737 133
1650747042214 0.8156890273094177 134
1650747073802 0.5692290663719177 135
1650747105988 0.8097460865974426 136
1650747137887 0.9115986824035645 137
1650747169776 0.19932053983211517 138
1650747202501 0.7855694890022278 139
1650747234956 0.8083732724189758 140
1650747267581 0.7311239838600159 141
1650747299728 0.8283350467681885 142
1650747331713 0.8132379651069641 143
1650747363892 0.8041462302207947 144
1650747396082 0.4898405373096466 145
1650747428566 0.8605591654777527 146
1650747460804 0.7584646344184875 147
1650747492612 0.9437768459320068 148
1650747524762 0.828301191329956 149
