1650735554953 0.5806207418622256 0
1650735597229 0.5200605601816806 1
1650735649326 0.42089326267978805 2
1650735682377 0.4753974261922786 3
1650735738459 0.5246025738077215 4
1650735771292 0.5488266464799394 5
1650735803908 0.6214988644965935 6
1650735835792 0.615442846328539 7
1650735867675 0.5215745647236941 8
1650735899913 0.6199848599545799 9
1650735931750 0.6139288417865254 10
1650735967027 0.660105980317941 11
1650736001547 0.6608629825889477 12
1650736034319 0.6654049962149886 13
1650736067946 0.7130961392884179 14
1650736100551 0.7486752460257381 15
1650736132740 0.7403482210446631 16
1650736164309 0.7479182437547313 17
1650736196126 0.7252081756245269 18
1650736228041 0.7395912187736563 19
1650736260038 0.7395912187736563 20
1650736294899 0.7554882664647994 21
1650736326674 0.761544284632854 22
1650736358770 0.7607872823618471 23
1650736391761 0.7721423164269493 24
1650736423309 0.7797123391370174 25
1650736455078 0.7638152914458743 26
1650736487208 0.7592732778198334 27
1650736519987 0.7592732778198334 28
1650736552381 0.7547312641937926 29
1650736584999 0.7547312641937926 30
1650736618402 0.757002271006813 31
1650736651046 0.7592732778198334 32
1650736683500 0.7721423164269493 33
1650736716196 0.7607872823618471 34
1650736748310 0.7517032551097653 35
1650736790724 0.7509462528387585 36
1650736824504 0.7509462528387585 37
1650736857270 0.7676003028009084 38
1650736889630 0.7638152914458743 39
1650736922495 0.7486752460257381 40
1650736958010 0.7630582891748675 41
1650736989956 0.7683573050719152 42
1650737022179 0.765329295987888 43
1650737053929 0.7713853141559425 44
1650737085877 0.7592732778198334 45
1650737117722 0.7630582891748675 46
1650737149857 0.7660862982588947 47
1650737181783 0.7486752460257381 48
1650737213806 0.7501892505677517 49
