1650735554927 0.5775353340675476 0
1650735597209 0.5435052783109405 1
1650735649324 0.505633165260471 2
1650735682374 0.5747040045258011 3
1650735738457 0.6398042894456094 4
1650735771290 0.6655359589519895 5
1650735803906 0.6928028939993676 6
1650735835790 0.6991713352007469 7
1650735867673 0.6403056416287819 8
1650735899910 0.702709810974989 9
1650735931748 0.7142503109060433 10
1650735967024 0.735101277303303 11
1650736001545 0.7240754387615375 12
1650736034317 0.7377971177241249 13
1650736067943 0.7595697802659757 14
1650736100549 0.7736617212642865 15
1650736132736 0.7659919650242232 16
1650736164307 0.7725810635538263 17
1650736196124 0.7620113150068907 18
1650736228039 0.7790271306542419 19
1650736260036 0.7699301532813654 20
1650736294896 0.7803690602523287 21
1650736326673 0.7824489164956857 22
1650736358768 0.7849054871157324 23
1650736391759 0.791566799822459 24
1650736423306 0.7954684857158788 25
1650736455076 0.782804436660829 26
1650736487206 0.7809878975513651 27
1650736519984 0.7833502863170584 28
1650736552379 0.7757701158044212 29
1650736584997 0.7757701158044212 30
1650736618400 0.7795346608604969 31
1650736651044 0.7839571499281117 32
1650736683498 0.7927011911169354 33
1650736716195 0.7886570453576 34
1650736748308 0.7749817702820314 35
1650736790721 0.7756962622332272 36
1650736824502 0.7769183504667375 37
1650736857268 0.7880642594716027 38
1650736889628 0.7850564962484242 39
1650736922493 0.7724638807263413 40
1650736958009 0.7863344618422908 41
1650736989954 0.78688019710502 42
1650737022177 0.7849016565082452 43
1650737053926 0.7922156669944279 44
1650737085875 0.7804133060264227 45
1650737117720 0.7857401222302082 46
1650737149854 0.7859536034266689 47
1650737181781 0.7707144835875837 48
1650737213804 0.7746163999340044 49
