1650735554956 0.025017818436026573 0
1650735597231 0.9300805926322937 1
1650735649329 0.7911868691444397 2
1650735682381 1.333611249923706 3
1650735738461 0.5786556005477905 4
1650735771294 0.6007550954818726 5
1650735803910 0.012187032029032707 6
1650735835794 0.9127568602561951 7
1650735867677 0.9149824976921082 8
1650735899915 0.7537752985954285 9
1650735931752 0.9204005599021912 10
1650735967029 0.6975432634353638 11
1650736001550 0.5532990097999573 12
1650736034321 1.0130112171173096 13
1650736067949 0.5915960669517517 14
1650736100553 0.6699506640434265 15
1650736132743 0.34133797883987427 16
1650736164312 0.6883033514022827 17
1650736196161 0.0007720403373241425 18
1650736228044 1.1503313779830933 19
1650736260040 0.24671225249767303 20
1650736294902 0.8512807488441467 21
1650736326676 0.5931357145309448 22
1650736358772 0.10422448068857193 23
1650736391764 0.7731420397758484 24
1650736423311 0.6907992362976074 25
1650736455080 0.5289903283119202 26
1650736487210 0.2385311722755432 27
1650736519990 0.40554559230804443 28
1650736552384 0.7953495383262634 29
1650736585002 0.2903110384941101 30
1650736618405 0.6303733587265015 31
1650736651048 0.34547844529151917 32
1650736683502 0.859491765499115 33
1650736716198 1.2303664684295654 34
1650736748312 0.9289438724517822 35
1650736790726 1.549072265625 36
1650736824507 0.7447797656059265 37
1650736857272 0.479321151971817 38
1650736889632 0.938528835773468 39
1650736922497 0.9333305954933167 40
1650736958013 0.7366374731063843 41
1650736989958 0.2912035882472992 42
1650737022183 0.7819190621376038 43
1650737053931 0.2610960900783539 44
1650737085879 0.3944685459136963 45
1650737117724 0.3588927090167999 46
1650737149859 0.8415967226028442 47
1650737181785 0.4034166634082794 48
1650737213808 0.741970956325531 49
