1650741994047 0.6555639666919001 0
1650742027741 0.691900075700227 1
1650742081314 0.7153671461014383 2
1650742141236 0.720666161998486 3
1650742183944 0.712339137017411 4
1650742217790 0.7093111279333838 5
1650742251225 0.7214231642694928 6
1650742284779 0.7138531415594247 7
1650742319648 0.7214231642694928 8
1650742353655 0.7009841029523088 9
1650742405044 0.7062831188493566 10
1650742440573 0.7062831188493566 11
1650742474247 0.7017411052233157 12
1650742507323 0.7077971233913701 13
1650742539967 0.7153671461014383 14
