1650741994045 0.6755996010969834 0
1650742027738 0.709962986273452 1
1650742081312 0.7269690450968032 2
1650742141234 0.739010823207532 3
1650742183942 0.7226764325497664 4
1650742217787 0.7292455157345739 5
1650742251223 0.7390154692013792 6
1650742284777 0.7248227388232849 7
1650742319646 0.7397471487340714 8
1650742353652 0.7120634953055958 9
1650742405042 0.7209568409496363 10
1650742440570 0.7230948347381116 11
1650742474245 0.7116307679896741 12
1650742507321 0.7174007885742029 13
1650742539965 0.7288843111404087 14
