1650741994050 0.4792582094669342 0
1650742027746 0.9715961813926697 1
1650742081317 0.5177447199821472 2
1650742141238 0.8986408710479736 3
1650742183946 0.8229638934135437 4
1650742217792 0.8032897114753723 5
1650742251229 0.8292394280433655 6
1650742284782 0.7253431677818298 7
1650742319650 1.3459547758102417 8
1650742353657 0.8687307834625244 9
1650742405047 0.1702430695295334 10
1650742440576 0.9662371873855591 11
1650742474249 0.8019226789474487 12
1650742507326 0.8045046925544739 13
1650742539970 0.8337322473526001 14
