1650706574237 0.4284632853898562 0
1650706622402 0.4057532172596518 1
1650706643957 0.5064345193035579 2
1650706665901 0.554882664647994 3
1650706688192 0.5510976532929599 4
1650706710272 0.6018168054504164 5
1650706732874 0.6381529144587433 6
1650706754945 0.6025738077214232 7
1650706776489 0.5987887963663892 8
1650706797889 0.6222558667676003 9
1650706819251 0.6283118849356548 10
1650706841360 0.6184708554125662 11
1650706862994 0.6646479939439819 12
1650706884254 0.6449659348978047 13
1650706905551 0.6358819076457229 14
1650706926800 0.6305828917486752 15
1650706949182 0.6464799394398183 16
1650706972353 0.6373959121877366 17
1650706994334 0.6419379258137774 18
1650707045080 0.6510219530658592 19
1650707080352 0.6532929598788796 20
1650707125340 0.6616199848599545 21
1650707163954 0.6464799394398183 22
1650707188825 0.651778955336866 23
1650707215784 0.6442089326267979 24
1650707240757 0.6608629825889477 25
1650707267991 0.6540499621498864 26
1650707293021 0.6661619984859954 27
1650707317504 0.631339894019682 28
1650707355193 0.6472369417108251 29
1650707377224 0.651778955336866 30
1650707402450 0.6752460257380772 31
1650707424226 0.6616199848599545 32
1650707446137 0.6426949280847842 33
1650707468367 0.6510219530658592 34
1650707490591 0.6563209689629069 35
1650707513356 0.6593489780469342 36
1650707535151 0.651778955336866 37
1650707557414 0.6472369417108251 38
1650707579301 0.6631339894019682 39
1650707602090 0.6593489780469342 40
1650707624908 0.6623769871309614 41
1650707647367 0.6646479939439819 42
1650707669113 0.6525359576078729 43
1650707691071 0.6540499621498864 44
1650707713489 0.6578349735049205 45
1650707736708 0.6608629825889477 46
1650707758687 0.6540499621498864 47
1650707781121 0.6646479939439819 48
1650707802819 0.660105980317941 49
