1650706574211 0.5001315192743765 0
1650706622401 0.4990558615263572 1
1650706643955 0.5288819563248466 2
1650706665899 0.5491147206160385 3
1650706688190 0.5887784554375926 4
1650706710270 0.6194493783303731 5
1650706732871 0.6603850459872738 6
1650706754943 0.6291304701792024 7
1650706776487 0.6230273997390501 8
1650706797887 0.6437687085107789 9
1650706819249 0.6560168379514784 10
1650706841358 0.6542084349981871 11
1650706862992 0.6829604755107295 12
1650706884252 0.6867357808164885 13
1650706905549 0.6695238580948496 14
1650706926798 0.668371234465943 15
1650706949179 0.687043948774154 16
1650706972350 0.6759908881585421 17
1650706994331 0.6686377406197076 18
1650707045077 0.6770150716940546 19
1650707080349 0.679105134241754 20
1650707125328 0.6913850646641635 21
1650707163952 0.6766697759848445 22
1650707188822 0.6917554252286056 23
1650707215781 0.6855855855855856 24
1650707240754 0.6995142134814946 25
1650707267988 0.6857723518435479 26
1650707293018 0.6985110825028086 27
1650707317502 0.6701128606983563 28
1650707355190 0.6895266266320869 29
1650707377222 0.6866721431800396 30
1650707402448 0.7044575172776621 31
1650707424225 0.6943347303770087 32
1650707446135 0.6794751387971727 33
1650707468366 0.6825876691787328 34
1650707490589 0.6902589787205172 35
1650707513354 0.6875917101219297 36
1650707535150 0.6819415814990463 37
1650707557412 0.6862292551518012 38
1650707579299 0.69013908345007 39
1650707602089 0.6898757441655976 40
1650707624906 0.6936377108654023 41
1650707647364 0.7000009714208 42
1650707669111 0.6785867252973173 43
1650707691069 0.687556294854287 44
1650707713487 0.6930932740962538 45
1650707736706 0.6897355826752812 46
1650707758685 0.6823445010402468 47
1650707781119 0.6969187411704011 48
1650707802817 0.6939533273285489 49
