1650706574263 7.14923095703125 0
1650706622427 3.3494887351989746 1
1650706643984 1.4967868328094482 2
1650706665934 1.9268443584442139 3
1650706688218 1.6136562824249268 4
1650706710293 1.458888053894043 5
1650706732898 1.7031556367874146 6
1650706754968 1.2515614032745361 7
1650706776519 1.1769248247146606 8
1650706797912 0.8918960094451904 9
1650706819274 0.9208008050918579 10
1650706841386 0.675172746181488 11
1650706863015 0.7522151470184326 12
1650706884276 0.7266365885734558 13
1650706905570 0.8386929631233215 14
1650706926821 0.7091758847236633 15
1650706949202 0.7794815301895142 16
1650706972377 0.791157066822052 17
1650706994358 0.8376214504241943 18
1650707045106 0.9767336845397949 19
1650707080390 0.6654081344604492 20
1650707125390 0.9061850905418396 21
1650707163978 0.8667916655540466 22
1650707188857 0.952942967414856 23
1650707215819 0.8527230620384216 24
1650707240792 0.7687628269195557 25
1650707268053 0.7637110948562622 26
1650707293053 0.8082166314125061 27
1650707317528 0.7720353603363037 28
1650707355213 0.8058992624282837 29
1650707377264 0.7651630640029907 30
1650707402477 0.7165416479110718 31
1650707424244 0.7081127762794495 32
1650707446156 0.7749207615852356 33
1650707468383 0.8163408637046814 34
1650707490611 0.6926417350769043 35
1650707513378 0.746647298336029 36
1650707535171 0.762109637260437 37
1650707557438 0.8660204410552979 38
1650707579319 0.9353006482124329 39
1650707602110 0.9039078950881958 40
1650707624924 0.6104321479797363 41
1650707647385 0.8458795547485352 42
1650707669130 1.4746516942977905 43
1650707691089 0.7814270853996277 44
1650707713509 0.8216545581817627 45
1650707736728 0.8215861916542053 46
1650707758710 0.956259548664093 47
1650707781140 0.8883705139160156 48
1650707802840 0.6841525435447693 49
